                             Open    High     Low   Close  Volume  Dividends  Stock Splits
Datetime                                                                                  
2020-05-29 09:30:00-04:00  182.73  182.81  181.89  181.99  749016          0             0
2020-05-29 09:31:00-04:00  181.97  182.25  181.89  182.12  110973          0             0
2020-05-29 09:32:00-04:00  182.13  182.83  182.13  182.79  128199          0             0
2020-05-29 09:33:00-04:00  182.80  182.82  182.66  182.80   34526          0             0
2020-05-29 09:34:00-04:00  182.83  182.84  182.44  182.45  185196          0             0
2020-05-29 09:35:00-04:00  182.48  182.66  182.16  182.39   80219          0             0
2020-05-29 09:36:00-04:00  182.36  182.53  182.32  182.40   80730          0             0
2020-05-29 09:37:00-04:00  182.39  182.39  181.98  182.13   90944          0             0
2020-05-29 09:38:00-04:00  182.10  182.74  182.10  182.70   73820          0             0
2020-05-29 09:39:00-04:00  182.75  182.78  182.50  182.70   84912          0             0
2020-05-29 09:40:00-04:00  182.65  182.69  182.41  182.59   84689          0             0
2020-05-29 09:41:00-04:00  182.63  182.74  182.56  182.60   56276          0             0
2020-05-29 09:42:00-04:00  182.59  182.71  182.46  182.67   70609          0             0
2020-05-29 09:43:00-04:00  182.67  182.77  182.60  182.67   99889          0             0
2020-05-29 09:44:00-04:00  182.69  182.76  182.53  182.68   87531          0             0
2020-05-29 09:45:00-04:00  182.71  182.83  182.46  182.82  104391          0             0
2020-05-29 09:46:00-04:00  182.83  183.15  182.77  183.11  151106          0             0
2020-05-29 09:47:00-04:00  183.09  183.35  183.02  183.27  159947          0             0
2020-05-29 09:48:00-04:00  183.25  183.41  183.22  183.30   85074          0             0
2020-05-29 09:49:00-04:00  183.32  183.37  183.21  183.31   80026          0             0
2020-05-29 09:50:00-04:00  183.29  183.35  183.14  183.16   78613          0             0
2020-05-29 09:51:00-04:00  183.18  183.39  183.14  183.39   95352          0             0
2020-05-29 09:52:00-04:00  183.39  183.48  183.28  183.40   82820          0             0
2020-05-29 09:53:00-04:00  183.40  183.58  183.40  183.56   96158          0             0
2020-05-29 09:54:00-04:00  183.55  183.58  183.37  183.45   81528          0             0
2020-05-29 09:55:00-04:00  183.40  183.56  183.29  183.34   93421          0             0
2020-05-29 09:56:00-04:00  183.34  183.42  183.23  183.27   81438          0             0
2020-05-29 09:57:00-04:00  183.26  183.27  183.10  183.12   60099          0             0
2020-05-29 09:58:00-04:00  183.10  183.10  182.87  182.99  121972          0             0
2020-05-29 09:59:00-04:00  182.99  183.08  182.94  183.03  113767          0             0
2020-05-29 10:00:00-04:00  182.98  183.10  182.88  182.98   86323          0             0
2020-05-29 10:01:00-04:00  182.94  183.01  182.73  182.95  124732          0             0
2020-05-29 10:02:00-04:00  182.96  183.02  182.85  182.86   70057          0             0
2020-05-29 10:03:00-04:00  182.87  182.90  182.73  182.78   71386          0             0
2020-05-29 10:04:00-04:00  182.77  182.81  182.68  182.70   55941          0             0
2020-05-29 10:05:00-04:00  182.71  182.99  182.71  182.98   61044          0             0
2020-05-29 10:06:00-04:00  182.98  183.01  182.61  182.63   72734          0             0
2020-05-29 10:07:00-04:00  182.64  182.67  182.16  182.16   94185          0             0
2020-05-29 10:08:00-04:00  182.15  182.24  181.75  181.75  118064          0             0
2020-05-29 10:09:00-04:00  181.75  181.93  181.68  181.79  159558          0             0
2020-05-29 10:10:00-04:00  181.79  181.85  181.56  181.81   72825          0             0
2020-05-29 10:11:00-04:00  181.81  181.81  181.59  181.60   85271          0             0
2020-05-29 10:12:00-04:00  181.60  181.60  181.32  181.32  132839          0             0
2020-05-29 10:13:00-04:00  181.32  181.36  181.10  181.14  117007          0             0
2020-05-29 10:14:00-04:00  181.15  181.30  180.96  181.27  186868          0             0
2020-05-29 10:15:00-04:00  181.29  181.31  181.07  181.19  103559          0             0
2020-05-29 10:16:00-04:00  181.18  181.27  181.11  181.16   58141          0             0
2020-05-29 10:17:00-04:00  181.17  181.50  181.14  181.37  116948          0             0
2020-05-29 10:18:00-04:00  181.36  181.36  181.15  181.28   67230          0             0
2020-05-29 10:19:00-04:00  181.29  181.39  181.21  181.24  117557          0             0
2020-05-29 10:20:00-04:00  181.25  181.37  181.13  181.31   80338          0             0
2020-05-29 10:21:00-04:00  181.30  181.34  181.07  181.13  132928          0             0
2020-05-29 10:22:00-04:00  181.11  181.12  180.77  180.77   97255          0             0
2020-05-29 10:23:00-04:00  180.78  181.00  180.78  180.99   54638          0             0
2020-05-29 10:24:00-04:00  181.00  181.23  181.00  181.10   63714          0             0
2020-05-29 10:25:00-04:00  181.11  181.35  181.11  181.33   73575          0             0
2020-05-29 10:26:00-04:00  181.33  181.44  181.22  181.42   50785          0             0
2020-05-29 10:27:00-04:00  181.42  181.50  181.27  181.43   85329          0             0
2020-05-29 10:28:00-04:00  181.43  181.51  181.12  181.12   93811          0             0
2020-05-29 10:29:00-04:00  181.12  181.38  181.04  181.38   97702          0             0
2020-05-29 10:30:00-04:00  181.40  181.78  181.40  181.71  171106          0             0
2020-05-29 10:31:00-04:00  181.71  181.71  181.51  181.69  100888          0             0
2020-05-29 10:32:00-04:00  181.69  181.89  181.69  181.88   73724          0             0
2020-05-29 10:33:00-04:00  181.87  181.98  181.77  181.85  104488          0             0
2020-05-29 10:34:00-04:00  181.86  181.99  181.86  181.98   42420          0             0
2020-05-29 10:35:00-04:00  181.97  181.97  181.68  181.80   84315          0             0
2020-05-29 10:36:00-04:00  181.80  181.96  181.74  181.85   59751          0             0
2020-05-29 10:37:00-04:00  181.85  181.98  181.83  181.91   50127          0             0
2020-05-29 10:38:00-04:00  181.89  181.97  181.80  181.80   50428          0             0
2020-05-29 10:39:00-04:00  181.80  182.12  181.69  182.02   81097          0             0
2020-05-29 10:40:00-04:00  182.03  182.05  181.82  181.82   59699          0             0
2020-05-29 10:41:00-04:00  181.84  181.96  181.73  181.87   47539          0             0
2020-05-29 10:42:00-04:00  181.87  181.92  181.62  181.65   62338          0             0
2020-05-29 10:43:00-04:00  181.65  181.68  181.42  181.46   73718          0             0
2020-05-29 10:44:00-04:00  181.46  181.50  181.35  181.40  117762          0             0
2020-05-29 10:45:00-04:00  181.40  181.45  181.24  181.39   78337          0             0
2020-05-29 10:46:00-04:00  181.39  181.41  181.27  181.30   62090          0             0
2020-05-29 10:47:00-04:00  181.30  181.51  181.29  181.39   83806          0             0
2020-05-29 10:48:00-04:00  181.40  181.41  181.13  181.15   64501          0             0
2020-05-29 10:49:00-04:00  181.13  181.20  180.96  181.03   93320          0             0
2020-05-29 10:50:00-04:00  181.02  181.07  180.95  181.01   74549          0             0
2020-05-29 10:51:00-04:00  181.03  181.14  180.95  181.04   83014          0             0
2020-05-29 10:52:00-04:00  181.04  181.21  180.88  180.90   81522          0             0
2020-05-29 10:53:00-04:00  180.91  180.97  180.86  180.92   93389          0             0
2020-05-29 10:54:00-04:00  180.94  180.96  180.83  180.87   68385          0             0
2020-05-29 10:55:00-04:00  180.88  181.04  180.87  180.88   62396          0             0
2020-05-29 10:56:00-04:00  180.87  181.10  180.85  181.00  121561          0             0
2020-05-29 10:57:00-04:00  181.00  181.24  180.99  181.19  153706          0             0
2020-05-29 10:58:00-04:00  181.18  181.27  181.10  181.26   54797          0             0
2020-05-29 10:59:00-04:00  181.24  181.24  181.18  181.19  100996          0             0
2020-05-29 11:00:00-04:00  181.20  181.35  181.19  181.24   74441          0             0
2020-05-29 11:01:00-04:00  181.24  181.29  180.95  181.02   68310          0             0
2020-05-29 11:02:00-04:00  181.01  181.13  180.90  180.96   91634          0             0
2020-05-29 11:03:00-04:00  180.96  180.96  180.41  180.62  183156          0             0
2020-05-29 11:04:00-04:00  180.62  180.71  180.43  180.55   77103          0             0
2020-05-29 11:05:00-04:00  180.55  180.77  180.47  180.56   88919          0             0
2020-05-29 11:06:00-04:00  180.55  180.60  180.44  180.55  125053          0             0
2020-05-29 11:07:00-04:00  180.55  180.80  180.48  180.77  130048          0             0
2020-05-29 11:08:00-04:00  180.78  180.87  180.72  180.74   52611          0             0
2020-05-29 11:09:00-04:00  180.75  180.78  180.42  180.49   75284          0             0
2020-05-29 11:10:00-04:00  180.48  180.73  180.48  180.73  103262          0             0
2020-05-29 11:11:00-04:00  180.73  180.85  180.70  180.80   73870          0             0
2020-05-29 11:12:00-04:00  180.79  180.95  180.75  180.89   80243          0             0
2020-05-29 11:13:00-04:00  180.87  180.95  180.81  180.88   52008          0             0
2020-05-29 11:14:00-04:00  180.88  180.98  180.86  180.93   50786          0             0
2020-05-29 11:15:00-04:00  180.94  181.00  180.88  180.93   48161          0             0
2020-05-29 11:16:00-04:00  180.96  181.11  180.92  181.10   47358          0             0
2020-05-29 11:17:00-04:00  181.10  181.17  180.89  180.93   64563          0             0
2020-05-29 11:18:00-04:00  180.94  181.00  180.88  180.88   41042          0             0
2020-05-29 11:19:00-04:00  180.88  181.06  180.78  180.98  112049          0             0
2020-05-29 11:20:00-04:00  180.97  181.15  180.96  181.09   51713          0             0
2020-05-29 11:21:00-04:00  181.08  181.13  181.04  181.05   44928          0             0
2020-05-29 11:22:00-04:00  181.05  181.12  181.00  181.08   35834          0             0
2020-05-29 11:23:00-04:00  181.07  181.15  180.87  180.91   59944          0             0
2020-05-29 11:24:00-04:00  180.89  181.00  180.83  180.83   43895          0             0
2020-05-29 11:25:00-04:00  180.84  180.99  180.78  180.98   50822          0             0
2020-05-29 11:26:00-04:00  180.98  181.01  180.85  180.98   37616          0             0
2020-05-29 11:27:00-04:00  180.97  181.06  180.92  181.05   36053          0             0
2020-05-29 11:28:00-04:00  181.05  181.15  180.89  180.93   78384          0             0
2020-05-29 11:29:00-04:00  180.96  181.12  180.85  180.95   66742          0             0
2020-05-29 11:30:00-04:00  180.95  180.98  180.78  180.86   74457          0             0
2020-05-29 11:31:00-04:00  180.85  180.87  180.60  180.68   56894          0             0
2020-05-29 11:32:00-04:00  180.68  180.73  180.45  180.70   74550          0             0
2020-05-29 11:33:00-04:00  180.71  180.83  180.67  180.74   67455          0             0
2020-05-29 11:34:00-04:00  180.74  180.82  180.57  180.60   52753          0             0
2020-05-29 11:35:00-04:00  180.58  180.78  180.45  180.76   86332          0             0
2020-05-29 11:36:00-04:00  180.74  180.79  180.66  180.74   52209          0             0
2020-05-29 11:37:00-04:00  180.76  180.97  180.75  180.90   69995          0             0
2020-05-29 11:38:00-04:00  180.90  180.96  180.85  180.91   37196          0             0
2020-05-29 11:39:00-04:00  180.92  180.99  180.88  180.98   42685          0             0
2020-05-29 11:40:00-04:00  180.97  181.08  180.94  181.01   84120          0             0
2020-05-29 11:41:00-04:00  181.02  181.15  180.99  181.15   69050          0             0
2020-05-29 11:42:00-04:00  181.16  181.20  181.05  181.20   45345          0             0
2020-05-29 11:43:00-04:00  181.18  181.25  181.10  181.22   53872          0             0
2020-05-29 11:44:00-04:00  181.21  181.33  181.18  181.27   52222          0             0
2020-05-29 11:45:00-04:00  181.28  181.39  181.20  181.26   73542          0             0
2020-05-29 11:46:00-04:00  181.26  181.49  181.26  181.47   71026          0             0
2020-05-29 11:47:00-04:00  181.48  181.68  181.47  181.63   66234          0             0
2020-05-29 11:48:00-04:00  181.63  181.69  181.59  181.66   61759          0             0
2020-05-29 11:49:00-04:00  181.66  181.74  181.65  181.69   49436          0             0
2020-05-29 11:50:00-04:00  181.70  181.77  181.60  181.76   68175          0             0
2020-05-29 11:51:00-04:00  181.73  181.75  181.59  181.59   59892          0             0
2020-05-29 11:52:00-04:00  181.59  181.75  181.52  181.74   63008          0             0
2020-05-29 11:53:00-04:00  181.74  181.79  181.71  181.72   53337          0             0
2020-05-29 11:54:00-04:00  181.73  181.75  181.69  181.73   42210          0             0
2020-05-29 11:55:00-04:00  181.72  181.90  181.72  181.90   61288          0             0
2020-05-29 11:56:00-04:00  181.90  181.94  181.84  181.87   52904          0             0
2020-05-29 11:57:00-04:00  181.86  181.88  181.79  181.88   33162          0             0
2020-05-29 11:58:00-04:00  181.87  181.89  181.75  181.75   37067          0             0
2020-05-29 11:59:00-04:00  181.75  181.87  181.70  181.87   42580          0             0
2020-05-29 12:00:00-04:00  181.88  181.91  181.79  181.83   37065          0             0
2020-05-29 12:01:00-04:00  181.82  181.82  181.68  181.71   31285          0             0
2020-05-29 12:02:00-04:00  181.71  181.95  181.71  181.92   58184          0             0
2020-05-29 12:03:00-04:00  181.90  181.96  181.86  181.94   41828          0             0
2020-05-29 12:04:00-04:00  181.95  182.00  181.84  181.91   37273          0             0
2020-05-29 12:05:00-04:00  181.94  181.99  181.82  181.84   34257          0             0
2020-05-29 12:06:00-04:00  181.85  181.92  181.81  181.84   30966          0             0
2020-05-29 12:07:00-04:00  181.85  181.91  181.81  181.84   28639          0             0
2020-05-29 12:08:00-04:00  181.82  181.84  181.69  181.70   73926          0             0
2020-05-29 12:09:00-04:00  181.70  181.70  181.53  181.63   47724          0             0
2020-05-29 12:10:00-04:00  181.62  181.73  181.62  181.71   36006          0             0
2020-05-29 12:11:00-04:00  181.71  181.71  181.56  181.66   28908          0             0
2020-05-29 12:12:00-04:00  181.67  181.73  181.67  181.70   26745          0             0
2020-05-29 12:13:00-04:00  181.71  181.72  181.62  181.71   26855          0             0
2020-05-29 12:14:00-04:00  181.70  181.71  181.53  181.56   31960          0             0
2020-05-29 12:15:00-04:00  181.56  181.56  181.25  181.28   47591          0             0
2020-05-29 12:16:00-04:00  181.29  181.36  181.23  181.24   34331          0             0
2020-05-29 12:17:00-04:00  181.25  181.25  181.05  181.06   65543          0             0
2020-05-29 12:18:00-04:00  181.07  181.18  181.03  181.04   29281          0             0
2020-05-29 12:19:00-04:00  181.07  181.12  180.98  181.06   35102          0             0
2020-05-29 12:20:00-04:00  181.07  181.07  180.93  181.02   37113          0             0
2020-05-29 12:21:00-04:00  181.03  181.13  181.02  181.08   47467          0             0
2020-05-29 12:22:00-04:00  181.09  181.17  181.08  181.15   34766          0             0
2020-05-29 12:23:00-04:00  181.17  181.17  181.12  181.13   61675          0             0
2020-05-29 12:24:00-04:00  181.12  181.15  181.05  181.12   20616          0             0
2020-05-29 12:25:00-04:00  181.11  181.19  181.01  181.19   27115          0             0
2020-05-29 12:26:00-04:00  181.21  181.21  181.12  181.16   23091          0             0
2020-05-29 12:27:00-04:00  181.16  181.26  181.16  181.23   28572          0             0
2020-05-29 12:28:00-04:00  181.25  181.28  181.19  181.26   20083          0             0
2020-05-29 12:29:00-04:00  181.26  181.44  181.26  181.39   43380          0             0
2020-05-29 12:30:00-04:00  181.36  181.46  181.29  181.39   39272          0             0
2020-05-29 12:31:00-04:00  181.39  181.41  181.23  181.24   27076          0             0
2020-05-29 12:32:00-04:00  181.25  181.39  181.18  181.35   36080          0             0
2020-05-29 12:33:00-04:00  181.34  181.34  181.22  181.32   28379          0             0
2020-05-29 12:34:00-04:00  181.31  181.34  181.28  181.28   13710          0             0
2020-05-29 12:35:00-04:00  181.27  181.33  181.22  181.31   20993          0             0
2020-05-29 12:36:00-04:00  181.33  181.35  181.17  181.28   31735          0             0
2020-05-29 12:37:00-04:00  181.30  181.40  181.26  181.40   22560          0             0
2020-05-29 12:38:00-04:00  181.41  181.53  181.36  181.53   70480          0             0
2020-05-29 12:39:00-04:00  181.52  181.58  181.49  181.54   33789          0             0
2020-05-29 12:40:00-04:00  181.54  181.54  181.46  181.51   39110          0             0
2020-05-29 12:41:00-04:00  181.51  181.65  181.51  181.65   43127          0             0
2020-05-29 12:42:00-04:00  181.66  181.78  181.65  181.71   31752          0             0
2020-05-29 12:43:00-04:00  181.71  181.74  181.69  181.71   19971          0             0
2020-05-29 12:44:00-04:00  181.71  181.71  181.54  181.66   37982          0             0
2020-05-29 12:45:00-04:00  181.63  181.70  181.41  181.41   43089          0             0
2020-05-29 12:46:00-04:00  181.41  181.41  181.23  181.26   47294          0             0
2020-05-29 12:47:00-04:00  181.25  181.41  181.25  181.35   35954          0             0
2020-05-29 12:48:00-04:00  181.34  181.46  181.30  181.37   20785          0             0
2020-05-29 12:49:00-04:00  181.38  181.43  181.32  181.32   21460          0             0
2020-05-29 12:50:00-04:00  181.35  181.37  181.17  181.20   46359          0             0
2020-05-29 12:51:00-04:00  181.20  181.20  180.96  181.01   89620          0             0
2020-05-29 12:52:00-04:00  181.00  181.10  180.94  181.05   51721          0             0
2020-05-29 12:53:00-04:00  181.04  181.19  181.03  181.12   27933          0             0
2020-05-29 12:54:00-04:00  181.13  181.21  180.43  180.85  264843          0             0
2020-05-29 12:55:00-04:00  180.84  181.64  180.71  181.49  132192          0             0
2020-05-29 12:56:00-04:00  181.50  181.51  181.37  181.40   28907          0             0
2020-05-29 12:57:00-04:00  181.44  181.99  181.27  181.88  145028          0             0
2020-05-29 12:58:00-04:00  181.91  182.38  181.91  182.38  170600          0             0
2020-05-29 12:59:00-04:00  182.37  182.37  182.07  182.07   85925          0             0
2020-05-29 13:00:00-04:00  182.12  182.22  181.78  181.89   58469          0             0
2020-05-29 13:01:00-04:00  181.89  182.04  181.82  181.91   52384          0             0
2020-05-29 13:02:00-04:00  181.94  181.96  181.85  181.88   35873          0             0
2020-05-29 13:03:00-04:00  181.86  181.91  181.73  181.73   41366          0             0
2020-05-29 13:04:00-04:00  181.75  181.85  181.67  181.73   27993          0             0
2020-05-29 13:05:00-04:00  181.78  181.81  181.68  181.79   22883          0             0
2020-05-29 13:06:00-04:00  181.79  181.93  181.73  181.79   33863          0             0
2020-05-29 13:07:00-04:00  181.77  181.97  181.74  181.96   30698          0             0
2020-05-29 13:08:00-04:00  181.98  182.16  181.97  182.03   51798          0             0
2020-05-29 13:09:00-04:00  182.02  182.05  181.89  181.89   28221          0             0
2020-05-29 13:10:00-04:00  181.90  182.02  181.87  181.95   34910          0             0
2020-05-29 13:11:00-04:00  181.96  182.22  181.96  182.21   71128          0             0
2020-05-29 13:12:00-04:00  182.18  182.27  182.10  182.25   63666          0             0
2020-05-29 13:13:00-04:00  182.26  182.36  182.16  182.16   55007          0             0
2020-05-29 13:14:00-04:00  182.16  182.19  182.10  182.14   28212          0             0
2020-05-29 13:15:00-04:00  182.14  182.36  182.14  182.16   39657          0             0
2020-05-29 13:16:00-04:00  182.16  182.16  181.98  181.98   32411          0             0
2020-05-29 13:17:00-04:00  182.00  182.00  181.81  181.85   51667          0             0
2020-05-29 13:18:00-04:00  181.88  181.94  181.86  181.92   17453          0             0
2020-05-29 13:19:00-04:00  181.93  181.93  181.86  181.90   16411          0             0
2020-05-29 13:20:00-04:00  181.90  181.94  181.77  181.84   29541          0             0
2020-05-29 13:21:00-04:00  181.84  181.95  181.79  181.85   18205          0             0
2020-05-29 13:22:00-04:00  181.85  182.00  181.83  181.97   33010          0             0
2020-05-29 13:23:00-04:00  181.97  181.99  181.83  181.89   24783          0             0
2020-05-29 13:24:00-04:00  181.90  181.93  181.76  181.86   35260          0             0
2020-05-29 13:25:00-04:00  181.84  181.89  181.76  181.78   90083          0             0
2020-05-29 13:26:00-04:00  181.79  181.96  181.78  181.94   24032          0             0
2020-05-29 13:27:00-04:00  181.96  182.07  181.96  182.05   30892          0             0
2020-05-29 13:28:00-04:00  182.05  182.06  181.92  181.98   30589          0             0
2020-05-29 13:29:00-04:00  181.98  182.00  181.94  181.95   16715          0             0
2020-05-29 13:30:00-04:00  181.94  182.05  181.89  181.99   22297          0             0
2020-05-29 13:31:00-04:00  181.99  182.05  181.88  181.91   19509          0             0
2020-05-29 13:32:00-04:00  181.92  182.06  181.92  182.02   17075          0             0
2020-05-29 13:33:00-04:00  182.01  182.04  181.97  182.02    8034          0             0
2020-05-29 13:34:00-04:00  182.04  182.10  181.92  181.92   22353          0             0
2020-05-29 13:35:00-04:00  181.93  181.96  181.69  181.88   70229          0             0
2020-05-29 13:36:00-04:00  181.91  181.94  181.84  181.94   39714          0             0
2020-05-29 13:37:00-04:00  181.88  181.92  181.79  181.92   38215          0             0
2020-05-29 13:38:00-04:00  181.92  181.98  181.89  181.93   34190          0             0
2020-05-29 13:39:00-04:00  181.94  182.00  181.92  182.00   27485          0             0
2020-05-29 13:40:00-04:00  181.97  182.12  181.94  182.04   68328          0             0
2020-05-29 13:41:00-04:00  182.05  182.16  182.03  182.12   23210          0             0
2020-05-29 13:42:00-04:00  182.12  182.19  182.10  182.11   36860          0             0
2020-05-29 13:43:00-04:00  182.10  182.20  182.08  182.11   27161          0             0
2020-05-29 13:44:00-04:00  182.10  182.12  181.97  182.02   48596          0             0
2020-05-29 13:45:00-04:00  182.02  182.10  181.95  181.97   25457          0             0
2020-05-29 13:46:00-04:00  181.97  182.03  181.91  181.98   36442          0             0
2020-05-29 13:47:00-04:00  182.03  182.13  182.02  182.11   21717          0             0
2020-05-29 13:48:00-04:00  182.11  182.15  182.05  182.15   27546          0             0
2020-05-29 13:49:00-04:00  182.13  182.13  182.06  182.07   19727          0             0
2020-05-29 13:50:00-04:00  182.08  182.14  182.02  182.08   31181          0             0
2020-05-29 13:51:00-04:00  182.08  182.13  182.05  182.13   19266          0             0
2020-05-29 13:52:00-04:00  182.13  182.15  182.02  182.08   31723          0             0
2020-05-29 13:53:00-04:00  182.11  182.14  182.04  182.11   18371          0             0
2020-05-29 13:54:00-04:00  182.09  182.15  181.93  182.13   48509          0             0
2020-05-29 13:55:00-04:00  182.12  182.18  182.09  182.15   30633          0             0
2020-05-29 13:56:00-04:00  182.17  182.26  182.15  182.18   40915          0             0
2020-05-29 13:57:00-04:00  182.18  182.28  182.14  182.23   16309          0             0
2020-05-29 13:58:00-04:00  182.22  182.37  182.21  182.32   28588          0             0
2020-05-29 13:59:00-04:00  182.35  182.35  182.28  182.28   24795          0             0
2020-05-29 14:00:00-04:00  182.29  182.35  182.16  182.34   96630          0             0
2020-05-29 14:01:00-04:00  182.34  182.49  182.29  182.42   55510          0             0
2020-05-29 14:02:00-04:00  182.43  182.43  182.31  182.39   31659          0             0
2020-05-29 14:03:00-04:00  182.39  182.39  182.28  182.34   24621          0             0
2020-05-29 14:04:00-04:00  182.34  182.38  182.24  182.25   44995          0             0
2020-05-29 14:05:00-04:00  182.27  182.33  182.16  182.33   60609          0             0
2020-05-29 14:06:00-04:00  182.32  182.94  182.25  182.79  237579          0             0
2020-05-29 14:07:00-04:00  182.78  182.84  182.29  182.56  121718          0             0
2020-05-29 14:08:00-04:00  182.57  182.85  182.54  182.82   71545          0             0
2020-05-29 14:09:00-04:00  182.84  183.20  182.79  183.10  137397          0             0
2020-05-29 14:10:00-04:00  183.10  183.33  183.09  183.21  100427          0             0
2020-05-29 14:11:00-04:00  183.21  183.21  183.01  183.03   43004          0             0
2020-05-29 14:12:00-04:00  183.02  183.02  182.74  182.75   63786          0             0
2020-05-29 14:13:00-04:00  182.78  182.94  182.77  182.93   45975          0             0
2020-05-29 14:14:00-04:00  182.93  182.94  182.82  182.85   32518          0             0
2020-05-29 14:15:00-04:00  182.85  182.96  182.80  182.85   42051          0             0
2020-05-29 14:16:00-04:00  182.87  182.95  182.77  182.91   40014          0             0
2020-05-29 14:17:00-04:00  182.91  183.12  182.84  183.09   49871          0             0
2020-05-29 14:18:00-04:00  183.09  183.15  182.97  183.15   45046          0             0
2020-05-29 14:19:00-04:00  183.12  183.15  182.99  183.13   41308          0             0
2020-05-29 14:20:00-04:00  183.12  183.30  183.07  183.07   59283          0             0
2020-05-29 14:21:00-04:00  183.07  183.10  182.88  182.95   49483          0             0
2020-05-29 14:22:00-04:00  182.97  183.06  182.89  182.97   38620          0             0
2020-05-29 14:23:00-04:00  182.95  183.03  182.90  183.01   23794          0             0
2020-05-29 14:24:00-04:00  182.99  183.14  182.99  183.08   46336          0             0
2020-05-29 14:25:00-04:00  183.07  183.20  183.02  183.13   63408          0             0
2020-05-29 14:26:00-04:00  183.14  183.17  182.96  183.09   55511          0             0
2020-05-29 14:27:00-04:00  183.12  183.38  183.09  183.37   77260          0             0
2020-05-29 14:28:00-04:00  183.36  183.37  183.22  183.24   36977          0             0
2020-05-29 14:29:00-04:00  183.23  183.28  183.16  183.28   43867          0             0
2020-05-29 14:30:00-04:00  183.28  183.34  183.12  183.18   44312          0             0
2020-05-29 14:31:00-04:00  183.18  183.18  183.00  183.10   44753          0             0
2020-05-29 14:32:00-04:00  183.09  183.20  183.07  183.20   47582          0             0
2020-05-29 14:33:00-04:00  183.20  183.25  183.12  183.17   41023          0             0
2020-05-29 14:34:00-04:00  183.15  183.16  182.94  183.00   39313          0             0
2020-05-29 14:35:00-04:00  182.99  183.10  182.98  182.99   25192          0             0
2020-05-29 14:36:00-04:00  182.98  183.04  182.92  182.93   45190          0             0
2020-05-29 14:37:00-04:00  182.93  183.06  182.93  182.99   36975          0             0
2020-05-29 14:38:00-04:00  182.98  183.00  182.91  182.94   29327          0             0
2020-05-29 14:39:00-04:00  182.94  183.01  182.73  182.83   78411          0             0
2020-05-29 14:40:00-04:00  182.83  183.01  182.83  182.99   39182          0             0
2020-05-29 14:41:00-04:00  182.99  183.02  182.88  182.88   23692          0             0
2020-05-29 14:42:00-04:00  182.88  182.88  182.78  182.85   39249          0             0
2020-05-29 14:43:00-04:00  182.86  182.96  182.74  182.75   37040          0             0
2020-05-29 14:44:00-04:00  182.76  182.85  182.68  182.74   39508          0             0
2020-05-29 14:45:00-04:00  182.75  182.95  182.75  182.89   71705          0             0
2020-05-29 14:46:00-04:00  182.88  182.91  182.76  182.82   41280          0             0
2020-05-29 14:47:00-04:00  182.83  182.88  182.69  182.88   41626          0             0
2020-05-29 14:48:00-04:00  182.89  182.90  182.74  182.83   29846          0             0
2020-05-29 14:49:00-04:00  182.81  182.83  182.31  182.34   93038          0             0
2020-05-29 14:50:00-04:00  182.35  182.38  181.77  182.04  165164          0             0
2020-05-29 14:51:00-04:00  182.05  182.15  181.74  181.82  106351          0             0
2020-05-29 14:52:00-04:00  181.79  181.86  181.37  181.64  180587          0             0
2020-05-29 14:53:00-04:00  181.63  181.65  181.32  181.39   92863          0             0
2020-05-29 14:54:00-04:00  181.41  182.04  181.33  182.03  112425          0             0
2020-05-29 14:55:00-04:00  182.02  182.17  181.65  181.81   81881          0             0
2020-05-29 14:56:00-04:00  181.81  182.14  181.60  182.10   78324          0             0
2020-05-29 14:57:00-04:00  182.08  182.83  182.00  182.65  176389          0             0
2020-05-29 14:58:00-04:00  182.68  183.41  182.51  183.24  223011          0             0
2020-05-29 14:59:00-04:00  183.20  183.50  182.99  183.49  112517          0             0
2020-05-29 15:00:00-04:00  183.49  183.86  183.47  183.74  262380          0             0
2020-05-29 15:01:00-04:00  183.71  183.75  183.54  183.55  118439          0             0
2020-05-29 15:02:00-04:00  183.58  183.91  183.56  183.78  124997          0             0
2020-05-29 15:03:00-04:00  183.80  183.86  183.58  183.81   83938          0             0
2020-05-29 15:04:00-04:00  183.80  184.00  183.65  183.94  221005          0             0
2020-05-29 15:05:00-04:00  183.93  183.93  183.70  183.72  104862          0             0
2020-05-29 15:06:00-04:00  183.72  183.75  183.49  183.57   63318          0             0
2020-05-29 15:07:00-04:00  183.57  183.71  183.56  183.62   86072          0             0
2020-05-29 15:08:00-04:00  183.60  183.74  183.47  183.53   66252          0             0
2020-05-29 15:09:00-04:00  183.56  183.70  183.44  183.47   62470          0             0
2020-05-29 15:10:00-04:00  183.45  183.61  183.38  183.51   58220          0             0
2020-05-29 15:11:00-04:00  183.54  183.68  183.49  183.60   67986          0             0
2020-05-29 15:12:00-04:00  183.60  183.73  183.49  183.52   79607          0             0
2020-05-29 15:13:00-04:00  183.51  183.65  183.38  183.46   57705          0             0
2020-05-29 15:14:00-04:00  183.44  183.49  183.29  183.33   56100          0             0
2020-05-29 15:15:00-04:00  183.33  183.48  183.26  183.34   59943          0             0
2020-05-29 15:16:00-04:00  183.35  183.47  183.18  183.43   81099          0             0
2020-05-29 15:17:00-04:00  183.43  183.58  183.38  183.49  102203          0             0
2020-05-29 15:18:00-04:00  183.49  183.75  183.49  183.63   76122          0             0
2020-05-29 15:19:00-04:00  183.65  183.77  183.55  183.73   68227          0             0
2020-05-29 15:20:00-04:00  183.71  183.94  183.71  183.87   69049          0             0
2020-05-29 15:21:00-04:00  183.88  183.88  183.69  183.71   75078          0             0
2020-05-29 15:22:00-04:00  183.71  183.98  183.71  183.96  117231          0             0
2020-05-29 15:23:00-04:00  183.96  183.98  183.80  183.84   72487          0             0
2020-05-29 15:24:00-04:00  183.85  184.21  183.85  184.17  184410          0             0
2020-05-29 15:25:00-04:00  184.18  184.18  183.93  183.99  101695          0             0
2020-05-29 15:26:00-04:00  183.97  184.04  183.88  184.00   82683          0             0
2020-05-29 15:27:00-04:00  184.00  184.06  183.86  183.89   76974          0             0
2020-05-29 15:28:00-04:00  183.88  183.93  183.58  183.80   82634          0             0
2020-05-29 15:29:00-04:00  183.79  183.84  183.65  183.77   59016          0             0
2020-05-29 15:30:00-04:00  183.76  184.10  183.75  184.08   99029          0             0
2020-05-29 15:31:00-04:00  184.07  184.07  183.89  183.91   54314          0             0
2020-05-29 15:32:00-04:00  183.91  184.08  183.82  183.94   85236          0             0
2020-05-29 15:33:00-04:00  183.94  184.04  183.78  183.80  110636          0             0
2020-05-29 15:34:00-04:00  183.78  183.86  183.58  183.81   78866          0             0
2020-05-29 15:35:00-04:00  183.81  184.00  183.76  183.85   61446          0             0
2020-05-29 15:36:00-04:00  183.85  183.91  183.70  183.91   60293          0             0
2020-05-29 15:37:00-04:00  183.92  183.96  183.76  183.88   75835          0             0
2020-05-29 15:38:00-04:00  183.88  183.97  183.82  183.97   41640          0             0
2020-05-29 15:39:00-04:00  183.97  184.12  183.95  184.05   96082          0             0
2020-05-29 15:40:00-04:00  184.06  184.15  183.97  184.06   97023          0             0
2020-05-29 15:41:00-04:00  184.07  184.15  183.98  184.09   53431          0             0
2020-05-29 15:42:00-04:00  184.03  184.04  183.90  184.04   79331          0             0
2020-05-29 15:43:00-04:00  184.03  184.15  183.94  184.04   85348          0             0
2020-05-29 15:44:00-04:00  184.04  184.26  184.03  184.18   85225          0             0
2020-05-29 15:45:00-04:00  184.17  184.20  184.09  184.09   95992          0             0
2020-05-29 15:46:00-04:00  184.08  184.27  184.07  184.22  116194          0             0
2020-05-29 15:47:00-04:00  184.22  184.23  183.98  184.09  140407          0             0
2020-05-29 15:48:00-04:00  184.10  184.10  183.94  183.94   96630          0             0
2020-05-29 15:49:00-04:00  183.93  183.96  183.71  183.75  109564          0             0
2020-05-29 15:50:00-04:00  183.75  184.00  182.92  183.90  470740          0             0
2020-05-29 15:51:00-04:00  183.88  184.12  183.82  184.03  293981          0             0
2020-05-29 15:52:00-04:00  184.07  184.08  183.82  184.01  154141          0             0
2020-05-29 15:53:00-04:00  184.02  184.16  183.87  184.06  146938          0             0
2020-05-29 15:54:00-04:00  183.96  184.00  183.74  183.80  399947          0             0
2020-05-29 15:55:00-04:00  183.77  183.99  183.40  183.94  308007          0             0
2020-05-29 15:56:00-04:00  183.94  184.04  183.71  183.75  218094          0             0
2020-05-29 15:57:00-04:00  183.74  184.10  183.66  184.03  208992          0             0
2020-05-29 15:58:00-04:00  184.04  184.13  183.82  183.85  426153          0             0
2020-05-29 15:59:00-04:00  183.89  184.13  183.82  184.08  848909          0             0
