              Open    High     Low   Close   Volume  Dividends  Stock Splits
Date                                                                        
2020-05-20  184.81  185.29  184.50  184.96  6291126       0.51             0
2020-05-20  184.95  185.16  184.31  184.87  3880306       0.00             0
2020-05-20  184.87  185.01  184.55  184.72  2676649       0.00             0
2020-05-20  184.73  184.79  183.94  184.47  2961115       0.00             0
2020-05-20  184.48  184.99  184.22  184.27  2923901       0.00             0
2020-05-20  184.26  185.68  184.21  185.57  4262123       0.00             0
2020-05-20  185.56  185.85  185.09  185.70  3176866       0.00             0
2020-05-21  185.40  186.67  185.29  185.39  5986036       0.00             0
2020-05-21  185.39  185.55  184.18  184.51  3670801       0.00             0
2020-05-21  184.52  185.45  184.44  184.99  2401005       0.00             0
2020-05-21  184.99  185.10  183.82  184.33  3219375       0.00             0
2020-05-21  184.32  184.68  183.90  184.41  2837107       0.00             0
2020-05-21  184.41  184.43  183.38  183.95  3898319       0.00             0
2020-05-21  183.95  184.41  183.29  183.43  3530481       0.00             0
