                             Open    High     Low   Close   Volume  Dividends  Stock Splits
Datetime                                                                                   
2020-05-21 09:30:00-04:00  185.40  186.44  185.39  186.42  1325413          0             0
2020-05-21 09:35:00-04:00  186.41  186.48  186.16  186.25   619042          0             0
2020-05-21 09:40:00-04:00  186.26  186.58  186.24  186.56   460611          0             0
2020-05-21 09:45:00-04:00  186.57  186.67  186.25  186.30   525658          0             0
2020-05-21 09:50:00-04:00  186.30  186.45  185.94  186.00   606093          0             0
2020-05-21 09:55:00-04:00  185.99  186.08  185.48  185.89   553779          0             0
2020-05-21 10:00:00-04:00  185.89  186.08  185.43  185.46   392698          0             0
2020-05-21 10:05:00-04:00  185.45  185.72  185.30  185.65   285596          0             0
2020-05-21 10:10:00-04:00  185.66  185.84  185.37  185.64   363570          0             0
2020-05-21 10:15:00-04:00  185.65  185.85  185.48  185.67   314083          0             0
2020-05-21 10:20:00-04:00  185.67  185.75  185.38  185.71   290636          0             0
2020-05-21 10:25:00-04:00  185.71  185.71  185.29  185.39   248857          0             0
2020-05-21 10:30:00-04:00  185.39  185.39  184.80  184.88   451030          0             0
2020-05-21 10:35:00-04:00  184.84  184.94  184.47  184.61   391982          0             0
2020-05-21 10:40:00-04:00  184.61  185.14  184.55  185.06   332207          0             0
2020-05-21 10:45:00-04:00  185.02  185.18  184.84  185.08   247481          0             0
2020-05-21 10:50:00-04:00  185.07  185.40  185.02  185.25   298871          0             0
2020-05-21 10:55:00-04:00  185.24  185.55  185.17  185.27   243937          0             0
2020-05-21 11:00:00-04:00  185.28  185.28  184.71  184.75   395338          0             0
2020-05-21 11:05:00-04:00  184.75  184.85  184.47  184.64   253354          0             0
2020-05-21 11:10:00-04:00  184.62  184.97  184.55  184.93   181756          0             0
2020-05-21 11:15:00-04:00  184.93  184.93  184.31  184.57   356459          0             0
2020-05-21 11:20:00-04:00  184.57  184.70  184.24  184.36   293468          0             0
2020-05-21 11:25:00-04:00  184.37  184.52  184.18  184.51   224918          0             0
2020-05-21 11:30:00-04:00  184.52  184.66  184.47  184.52   193588          0             0
2020-05-21 11:35:00-04:00  184.52  184.80  184.44  184.76   200046          0             0
2020-05-21 11:40:00-04:00  184.76  185.12  184.72  184.97   229062          0             0
2020-05-21 11:45:00-04:00  184.98  185.11  184.90  184.91   187278          0             0
2020-05-21 11:50:00-04:00  184.91  185.16  184.85  185.08   215222          0             0
2020-05-21 11:55:00-04:00  185.06  185.19  184.77  184.82   189197          0             0
2020-05-21 12:00:00-04:00  184.80  185.36  184.80  185.29   262344          0             0
2020-05-21 12:05:00-04:00  185.28  185.39  185.25  185.34   187379          0             0
2020-05-21 12:10:00-04:00  185.34  185.42  185.11  185.40   194882          0             0
2020-05-21 12:15:00-04:00  185.40  185.45  185.12  185.15   187079          0             0
2020-05-21 12:20:00-04:00  185.14  185.26  185.00  185.06   153073          0             0
2020-05-21 12:25:00-04:00  185.07  185.35  184.96  184.99   201855          0             0
2020-05-21 12:30:00-04:00  184.99  185.04  184.71  184.76   214415          0             0
2020-05-21 12:35:00-04:00  184.76  184.88  184.53  184.62   241028          0             0
2020-05-21 12:40:00-04:00  184.60  184.90  184.58  184.76   140315          0             0
2020-05-21 12:45:00-04:00  184.76  184.90  184.66  184.75   158483          0             0
2020-05-21 12:50:00-04:00  184.76  184.90  184.48  184.71   245136          0             0
2020-05-21 12:55:00-04:00  184.71  184.72  184.42  184.50   207803          0             0
2020-05-21 13:00:00-04:00  184.51  185.10  184.29  184.87   403723          0             0
2020-05-21 13:05:00-04:00  184.88  184.91  184.45  184.56   271935          0             0
2020-05-21 13:10:00-04:00  184.55  184.81  184.48  184.57   225701          0             0
2020-05-21 13:15:00-04:00  184.58  184.62  184.27  184.27   320370          0             0
2020-05-21 13:20:00-04:00  184.27  184.27  183.82  184.21   483064          0             0
2020-05-21 13:25:00-04:00  184.20  184.35  184.00  184.33   307402          0             0
2020-05-21 13:30:00-04:00  184.32  184.39  184.01  184.21   279385          0             0
2020-05-21 13:35:00-04:00  184.21  184.32  183.95  184.10   286470          0             0
2020-05-21 13:40:00-04:00  184.10  184.26  183.90  184.17   250355          0             0
2020-05-21 13:45:00-04:00  184.18  184.31  184.07  184.15   187250          0             0
2020-05-21 13:50:00-04:00  184.15  184.24  184.06  184.15   193898          0             0
2020-05-21 13:55:00-04:00  184.15  184.30  184.07  184.14   291814          0             0
2020-05-21 14:00:00-04:00  184.15  184.68  184.08  184.66   424846          0             0
2020-05-21 14:05:00-04:00  184.65  184.67  184.40  184.48   242458          0             0
2020-05-21 14:10:00-04:00  184.48  184.54  184.37  184.44   175163          0             0
2020-05-21 14:15:00-04:00  184.45  184.54  184.33  184.38   150040          0             0
2020-05-21 14:20:00-04:00  184.38  184.59  184.37  184.58   168690          0             0
2020-05-21 14:25:00-04:00  184.57  184.57  184.32  184.41   186738          0             0
2020-05-21 14:30:00-04:00  184.41  184.42  184.15  184.21   203784          0             0
2020-05-21 14:35:00-04:00  184.21  184.21  183.63  183.80   521848          0             0
2020-05-21 14:40:00-04:00  183.78  183.98  183.73  183.79   327009          0             0
2020-05-21 14:45:00-04:00  183.76  183.78  183.41  183.47   400964          0             0
2020-05-21 14:50:00-04:00  183.46  183.78  183.38  183.75   370687          0             0
2020-05-21 14:55:00-04:00  183.76  184.00  183.70  183.85   279873          0             0
2020-05-21 15:00:00-04:00  183.85  184.43  183.85  184.18   448691          0             0
2020-05-21 15:05:00-04:00  184.18  184.22  184.05  184.10   261026          0             0
2020-05-21 15:10:00-04:00  184.09  184.11  183.85  184.01   266605          0             0
2020-05-21 15:15:00-04:00  184.01  184.12  183.73  184.01   323645          0             0
2020-05-21 15:20:00-04:00  184.01  184.11  183.93  184.04   226108          0             0
2020-05-21 15:25:00-04:00  184.03  184.10  183.90  183.95   268079          0             0
2020-05-21 15:30:00-04:00  183.95  184.06  183.58  183.67   398234          0             0
2020-05-21 15:35:00-04:00  183.66  184.14  183.50  184.05   394316          0             0
2020-05-21 15:40:00-04:00  184.03  184.21  183.91  184.20   382533          0             0
2020-05-21 15:45:00-04:00  184.17  184.25  183.92  184.08   491413          0             0
2020-05-21 15:50:00-04:00  184.08  184.41  183.41  183.42   597264          0             0
2020-05-21 15:55:00-04:00  183.43  183.66  183.29  183.43  1266721          0             0                             Open    High     Low   Close   Volume  Dividends  Stock Splits
Datetime                                                                                   
2020-05-21 09:30:00-04:00  185.40  186.44  185.39  186.42  1325413          0             0
2020-05-21 09:35:00-04:00  186.41  186.48  186.16  186.25   619042          0             0
2020-05-21 09:40:00-04:00  186.26  186.58  186.24  186.56   460611          0             0
2020-05-21 09:45:00-04:00  186.57  186.67  186.25  186.30   525658          0             0
2020-05-21 09:50:00-04:00  186.30  186.45  185.94  186.00   606093          0             0
2020-05-21 09:55:00-04:00  185.99  186.08  185.48  185.89   553779          0             0
2020-05-21 10:00:00-04:00  185.89  186.08  185.43  185.46   392698          0             0
2020-05-21 10:05:00-04:00  185.45  185.72  185.30  185.65   285596          0             0
2020-05-21 10:10:00-04:00  185.66  185.84  185.37  185.64   363570          0             0
2020-05-21 10:15:00-04:00  185.65  185.85  185.48  185.67   314083          0             0
2020-05-21 10:20:00-04:00  185.67  185.75  185.38  185.71   290636          0             0
2020-05-21 10:25:00-04:00  185.71  185.71  185.29  185.39   248857          0             0
2020-05-21 10:30:00-04:00  185.39  185.39  184.80  184.88   451030          0             0
2020-05-21 10:35:00-04:00  184.84  184.94  184.47  184.61   391982          0             0
2020-05-21 10:40:00-04:00  184.61  185.14  184.55  185.06   332207          0             0
2020-05-21 10:45:00-04:00  185.02  185.18  184.84  185.08   247481          0             0
2020-05-21 10:50:00-04:00  185.07  185.40  185.02  185.25   298871          0             0
2020-05-21 10:55:00-04:00  185.24  185.55  185.17  185.27   243937          0             0
2020-05-21 11:00:00-04:00  185.28  185.28  184.71  184.75   395338          0             0
2020-05-21 11:05:00-04:00  184.75  184.85  184.47  184.64   253354          0             0
2020-05-21 11:10:00-04:00  184.62  184.97  184.55  184.93   181756          0             0
2020-05-21 11:15:00-04:00  184.93  184.93  184.31  184.57   356459          0             0
2020-05-21 11:20:00-04:00  184.57  184.70  184.24  184.36   293468          0             0
2020-05-21 11:25:00-04:00  184.37  184.52  184.18  184.51   224918          0             0
2020-05-21 11:30:00-04:00  184.52  184.66  184.47  184.52   193588          0             0
2020-05-21 11:35:00-04:00  184.52  184.80  184.44  184.76   200046          0             0
2020-05-21 11:40:00-04:00  184.76  185.12  184.72  184.97   229062          0             0
2020-05-21 11:45:00-04:00  184.98  185.11  184.90  184.91   187278          0             0
2020-05-21 11:50:00-04:00  184.91  185.16  184.85  185.08   215222          0             0
2020-05-21 11:55:00-04:00  185.06  185.19  184.77  184.82   189197          0             0
2020-05-21 12:00:00-04:00  184.80  185.36  184.80  185.29   262344          0             0
2020-05-21 12:05:00-04:00  185.28  185.39  185.25  185.34   187379          0             0
2020-05-21 12:10:00-04:00  185.34  185.42  185.11  185.40   194882          0             0
2020-05-21 12:15:00-04:00  185.40  185.45  185.12  185.15   187079          0             0
2020-05-21 12:20:00-04:00  185.14  185.26  185.00  185.06   153073          0             0
2020-05-21 12:25:00-04:00  185.07  185.35  184.96  184.99   201855          0             0
2020-05-21 12:30:00-04:00  184.99  185.04  184.71  184.76   214415          0             0
2020-05-21 12:35:00-04:00  184.76  184.88  184.53  184.62   241028          0             0
2020-05-21 12:40:00-04:00  184.60  184.90  184.58  184.76   140315          0             0
2020-05-21 12:45:00-04:00  184.76  184.90  184.66  184.75   158483          0             0
2020-05-21 12:50:00-04:00  184.76  184.90  184.48  184.71   245136          0             0
2020-05-21 12:55:00-04:00  184.71  184.72  184.42  184.50   207803          0             0
2020-05-21 13:00:00-04:00  184.51  185.10  184.29  184.87   403723          0             0
2020-05-21 13:05:00-04:00  184.88  184.91  184.45  184.56   271935          0             0
2020-05-21 13:10:00-04:00  184.55  184.81  184.48  184.57   225701          0             0
2020-05-21 13:15:00-04:00  184.58  184.62  184.27  184.27   320370          0             0
2020-05-21 13:20:00-04:00  184.27  184.27  183.82  184.21   483064          0             0
2020-05-21 13:25:00-04:00  184.20  184.35  184.00  184.33   307402          0             0
2020-05-21 13:30:00-04:00  184.32  184.39  184.01  184.21   279385          0             0
2020-05-21 13:35:00-04:00  184.21  184.32  183.95  184.10   286470          0             0
2020-05-21 13:40:00-04:00  184.10  184.26  183.90  184.17   250355          0             0
2020-05-21 13:45:00-04:00  184.18  184.31  184.07  184.15   187250          0             0
2020-05-21 13:50:00-04:00  184.15  184.24  184.06  184.15   193898          0             0
2020-05-21 13:55:00-04:00  184.15  184.30  184.07  184.14   291814          0             0
2020-05-21 14:00:00-04:00  184.15  184.68  184.08  184.66   424846          0             0
2020-05-21 14:05:00-04:00  184.65  184.67  184.40  184.48   242458          0             0
2020-05-21 14:10:00-04:00  184.48  184.54  184.37  184.44   175163          0             0
2020-05-21 14:15:00-04:00  184.45  184.54  184.33  184.38   150040          0             0
2020-05-21 14:20:00-04:00  184.38  184.59  184.37  184.58   168690          0             0
2020-05-21 14:25:00-04:00  184.57  184.57  184.32  184.41   186738          0             0
2020-05-21 14:30:00-04:00  184.41  184.42  184.15  184.21   203784          0             0
2020-05-21 14:35:00-04:00  184.21  184.21  183.63  183.80   521848          0             0
2020-05-21 14:40:00-04:00  183.78  183.98  183.73  183.79   327009          0             0
2020-05-21 14:45:00-04:00  183.76  183.78  183.41  183.47   400964          0             0
2020-05-21 14:50:00-04:00  183.46  183.78  183.38  183.75   370687          0             0
2020-05-21 14:55:00-04:00  183.76  184.00  183.70  183.85   279873          0             0
2020-05-21 15:00:00-04:00  183.85  184.43  183.85  184.18   448691          0             0
2020-05-21 15:05:00-04:00  184.18  184.22  184.05  184.10   261026          0             0
2020-05-21 15:10:00-04:00  184.09  184.11  183.85  184.01   266605          0             0
2020-05-21 15:15:00-04:00  184.01  184.12  183.73  184.01   323645          0             0
2020-05-21 15:20:00-04:00  184.01  184.11  183.93  184.04   226108          0             0
2020-05-21 15:25:00-04:00  184.03  184.10  183.90  183.95   268079          0             0
2020-05-21 15:30:00-04:00  183.95  184.06  183.58  183.67   398234          0             0
2020-05-21 15:35:00-04:00  183.66  184.14  183.50  184.05   394316          0             0
2020-05-21 15:40:00-04:00  184.03  184.21  183.91  184.20   382533          0             0
2020-05-21 15:45:00-04:00  184.17  184.25  183.92  184.08   491413          0             0
2020-05-21 15:50:00-04:00  184.08  184.41  183.41  183.42   597264          0             0
2020-05-21 15:55:00-04:00  183.43  183.66  183.29  183.43  1266721          0             0                             Open    High     Low   Close   Volume  Dividends  Stock Splits
Datetime                                                                                   
2020-05-21 09:30:00-04:00  185.40  186.44  185.39  186.42  1325413          0             0
2020-05-21 09:35:00-04:00  186.41  186.48  186.16  186.25   619042          0             0
2020-05-21 09:40:00-04:00  186.26  186.58  186.24  186.56   460611          0             0
2020-05-21 09:45:00-04:00  186.57  186.67  186.25  186.30   525658          0             0
2020-05-21 09:50:00-04:00  186.30  186.45  185.94  186.00   606093          0             0
2020-05-21 09:55:00-04:00  185.99  186.08  185.48  185.89   553779          0             0
2020-05-21 10:00:00-04:00  185.89  186.08  185.43  185.46   392698          0             0
2020-05-21 10:05:00-04:00  185.45  185.72  185.30  185.65   285596          0             0
2020-05-21 10:10:00-04:00  185.66  185.84  185.37  185.64   363570          0             0
2020-05-21 10:15:00-04:00  185.65  185.85  185.48  185.67   314083          0             0
2020-05-21 10:20:00-04:00  185.67  185.75  185.38  185.71   290636          0             0
2020-05-21 10:25:00-04:00  185.71  185.71  185.29  185.39   248857          0             0
2020-05-21 10:30:00-04:00  185.39  185.39  184.80  184.88   451030          0             0
2020-05-21 10:35:00-04:00  184.84  184.94  184.47  184.61   391982          0             0
2020-05-21 10:40:00-04:00  184.61  185.14  184.55  185.06   332207          0             0
2020-05-21 10:45:00-04:00  185.02  185.18  184.84  185.08   247481          0             0
2020-05-21 10:50:00-04:00  185.07  185.40  185.02  185.25   298871          0             0
2020-05-21 10:55:00-04:00  185.24  185.55  185.17  185.27   243937          0             0
2020-05-21 11:00:00-04:00  185.28  185.28  184.71  184.75   395338          0             0
2020-05-21 11:05:00-04:00  184.75  184.85  184.47  184.64   253354          0             0
2020-05-21 11:10:00-04:00  184.62  184.97  184.55  184.93   181756          0             0
2020-05-21 11:15:00-04:00  184.93  184.93  184.31  184.57   356459          0             0
2020-05-21 11:20:00-04:00  184.57  184.70  184.24  184.36   293468          0             0
2020-05-21 11:25:00-04:00  184.37  184.52  184.18  184.51   224918          0             0
2020-05-21 11:30:00-04:00  184.52  184.66  184.47  184.52   193588          0             0
2020-05-21 11:35:00-04:00  184.52  184.80  184.44  184.76   200046          0             0
2020-05-21 11:40:00-04:00  184.76  185.12  184.72  184.97   229062          0             0
2020-05-21 11:45:00-04:00  184.98  185.11  184.90  184.91   187278          0             0
2020-05-21 11:50:00-04:00  184.91  185.16  184.85  185.08   215222          0             0
2020-05-21 11:55:00-04:00  185.06  185.19  184.77  184.82   189197          0             0
2020-05-21 12:00:00-04:00  184.80  185.36  184.80  185.29   262344          0             0
2020-05-21 12:05:00-04:00  185.28  185.39  185.25  185.34   187379          0             0
2020-05-21 12:10:00-04:00  185.34  185.42  185.11  185.40   194882          0             0
2020-05-21 12:15:00-04:00  185.40  185.45  185.12  185.15   187079          0             0
2020-05-21 12:20:00-04:00  185.14  185.26  185.00  185.06   153073          0             0
2020-05-21 12:25:00-04:00  185.07  185.35  184.96  184.99   201855          0             0
2020-05-21 12:30:00-04:00  184.99  185.04  184.71  184.76   214415          0             0
2020-05-21 12:35:00-04:00  184.76  184.88  184.53  184.62   241028          0             0
2020-05-21 12:40:00-04:00  184.60  184.90  184.58  184.76   140315          0             0
2020-05-21 12:45:00-04:00  184.76  184.90  184.66  184.75   158483          0             0
2020-05-21 12:50:00-04:00  184.76  184.90  184.48  184.71   245136          0             0
2020-05-21 12:55:00-04:00  184.71  184.72  184.42  184.50   207803          0             0
2020-05-21 13:00:00-04:00  184.51  185.10  184.29  184.87   403723          0             0
2020-05-21 13:05:00-04:00  184.88  184.91  184.45  184.56   271935          0             0
2020-05-21 13:10:00-04:00  184.55  184.81  184.48  184.57   225701          0             0
2020-05-21 13:15:00-04:00  184.58  184.62  184.27  184.27   320370          0             0
2020-05-21 13:20:00-04:00  184.27  184.27  183.82  184.21   483064          0             0
2020-05-21 13:25:00-04:00  184.20  184.35  184.00  184.33   307402          0             0
2020-05-21 13:30:00-04:00  184.32  184.39  184.01  184.21   279385          0             0
2020-05-21 13:35:00-04:00  184.21  184.32  183.95  184.10   286470          0             0
2020-05-21 13:40:00-04:00  184.10  184.26  183.90  184.17   250355          0             0
2020-05-21 13:45:00-04:00  184.18  184.31  184.07  184.15   187250          0             0
2020-05-21 13:50:00-04:00  184.15  184.24  184.06  184.15   193898          0             0
2020-05-21 13:55:00-04:00  184.15  184.30  184.07  184.14   291814          0             0
2020-05-21 14:00:00-04:00  184.15  184.68  184.08  184.66   424846          0             0
2020-05-21 14:05:00-04:00  184.65  184.67  184.40  184.48   242458          0             0
2020-05-21 14:10:00-04:00  184.48  184.54  184.37  184.44   175163          0             0
2020-05-21 14:15:00-04:00  184.45  184.54  184.33  184.38   150040          0             0
2020-05-21 14:20:00-04:00  184.38  184.59  184.37  184.58   168690          0             0
2020-05-21 14:25:00-04:00  184.57  184.57  184.32  184.41   186738          0             0
2020-05-21 14:30:00-04:00  184.41  184.42  184.15  184.21   203784          0             0
2020-05-21 14:35:00-04:00  184.21  184.21  183.63  183.80   521848          0             0
2020-05-21 14:40:00-04:00  183.78  183.98  183.73  183.79   327009          0             0
2020-05-21 14:45:00-04:00  183.76  183.78  183.41  183.47   400964          0             0
2020-05-21 14:50:00-04:00  183.46  183.78  183.38  183.75   370687          0             0
2020-05-21 14:55:00-04:00  183.76  184.00  183.70  183.85   279873          0             0
2020-05-21 15:00:00-04:00  183.85  184.43  183.85  184.18   448691          0             0
2020-05-21 15:05:00-04:00  184.18  184.22  184.05  184.10   261026          0             0
2020-05-21 15:10:00-04:00  184.09  184.11  183.85  184.01   266605          0             0
2020-05-21 15:15:00-04:00  184.01  184.12  183.73  184.01   323645          0             0
2020-05-21 15:20:00-04:00  184.01  184.11  183.93  184.04   226108          0             0
2020-05-21 15:25:00-04:00  184.03  184.10  183.90  183.95   268079          0             0
2020-05-21 15:30:00-04:00  183.95  184.06  183.58  183.67   398234          0             0
2020-05-21 15:35:00-04:00  183.66  184.14  183.50  184.05   394316          0             0
2020-05-21 15:40:00-04:00  184.03  184.21  183.91  184.20   382533          0             0
2020-05-21 15:45:00-04:00  184.17  184.25  183.92  184.08   491413          0             0
2020-05-21 15:50:00-04:00  184.08  184.41  183.41  183.42   597264          0             0
2020-05-21 15:55:00-04:00  183.43  183.66  183.29  183.43  1266721          0             0